750
1 
28 
120 
862 285 
833 862 
825 833 
115 825 
835 115 
93 835 
872 93 
129 872 
801 129 
134 801 
625 134 
891 625 
144 891 
653 144 
984 653 
259 984 
903 259 
147 903 
80 147 
525 80 
953 525 
388 953 
760 388 
443 760 
518 443 
571 518 
583 571 
371 583 
675 371 
947 675 
705 947 
572 705 
937 572 
490 937 
697 490 
345 697 
414 345 
612 414 
407 612 
662 407 
562 662 
832 562 
703 832 
410 703 
932 410 
537 932 
72 537 
138 72 
137 138 
988 137 
133 988 
482 133 
726 482 
130 726 
858 130 
231 858 
454 231 
494 454 
452 494 
956 452 
444 956 
99 444 
424 99 
422 424 
455 422 
716 455 
327 716 
977 327 
318 977 
765 318 
307 765 
674 307 
304 674 
368 304 
376 368 
800 376 
383 800 
270 383 
912 270 
770 912 
701 770 
881 701 
544 881 
394 544 
52 394 
49 52 
236 49 
808 236 
856 808 
10 856 
665 10 
481 665 
670 481 
44 670 
26 44 
991 26 
67 991 
885 67 
524 885 
101 524 
522 101 
993 522 
31 993 
686 31 
513 686 
873 513 
617 873 
105 617 
714 105 
840 714 
438 840 
735 438 
740 735 
195 740 
200 195 
386 200 
982 386 
846 982 
413 846 
256 413 
817 256 
813 817 
751 813 
243 751 
402 243 
401 402 
415 401 
461 415 
475 461 
155 475 
960 155 
447 960 
150 447 
620 150 
929 620 
153 929 
458 153 
51 458 
392 51 
341 392 
8 341 
249 8 
553 249 
894 553 
339 894 
262 339 
263 262 
619 263 
372 619 
581 372 
344 581 
20 344 
27 20 
289 27 
797 289 
796 797 
795 796 
15 795 
471 15 
470 471 
469 470 
721 469 
847 721 
162 847 
169 162 
511 169 
861 511 
118 861 
114 118 
108 114 
183 108 
661 183 
94 661 
204 94 
91 204 
88 91 
837 88 
744 837 
995 744 
409 995 
408 409 
242 408 
543 242 
615 543 
814 615 
521 814 
889 
316 
736 
38 
203 
21 
860 
664 18 
6 664 
609 6 
573 609 
336 573 
459 336 
124 459 
474 124 
146 474 
857 146 
151 857 
188 151 
182 188 
40 182 
915 40 
841 915 
297 841 
32 297 
30 32 
794 30 
156 794 
12 156 
157 12 
321 157 
330 321 
853 330 
643 853 
285 643 
34 
275 
70 
154 
483 
109 
820 
181 
22 
775 
441 
29 
39 
19 
298 
11 
604 
113 
287 
211 
87 
228 
281 
450 
81 
364 
252 165 
365 252 
426 365 
199 426 
763 199 
290 763 
405 290 
373 405 
805 373 
382 805 
273 382 
227 273 
244 227 
624 244 
528 624 
534 528 
879 534 
547 879 
920 547 
952 920 
566 952 
866 566 
695 866 
689 695 
681 689 
943 681 
18 943 
272 
301 
488 
13 
606 
230 
497 
536 
309 
644 
9 
60 
197 
654 
460 
35 
358 
233 
25 
602 
41 
433 
605 
964 
48 
688 
92 
260 
24 
125 
951 
570 
241 
329 
347 
98 
140 
23 
567 
596 
251 
663 
480 
222 
514 
869 
973 355 
355 173 
173 437 
437 434 
434 737 
737 758 
533 
728 
202 
468 
216 
560 
576 
3 
387 
17 
4 
167 
799 
265 
516 
268 
435 
677 
196 
436 
350 973 
622 350 
165 622 
712 
431 
14 
43 
106 
746 
170 
300 
89 
446 
406 
210 
245 
148 
411 
5 
652 
645 
149 
532 
499 
723 
627 
849 
74 
100 
826 
493 
551 
348 
439 
103 
286 
78 
442 
50 
479 
296 
166 
504 
732 
283 
90 
314 
7 
614 
176 
132 
112 
111 
423 
756 
899 
239 
75 
616 
755 
184 
83 
45 
209 
777 
179 
194 
467 
815 
254 
277 
361 
778 
332 
416 
888 
702 
648 
292 
177 
145 
768 
139 
550 
187 
110 
293 
261 
472 
302 
367 
997 
588 
62 
16 
73 
743 
77 
205 
193 
994 
141 
122 
508 
539 
258 
107 
212 
174 
704 
279 
178 
839 
63 
505 
189 
724 
201 
121 
136 
208 
852 
878 
829 
42 
276 
186 
294 
159 
370 
404 
546 
213 
451 
745 
220 
319 
311 
164 
463 
457 
267 
692 
274 
127 
217 
229 
225 
393 
328 
671 
247 
255 
855 
282 
303 
313 
531 
559 
477 
33 
597 
284 
334 
356 
933 
142 
362 
342 
352 
761 
998 
192 
299 
219 
278 
357 
312 
803 
485 
921 
809 
351 
491 
333 
430 
507 
232 
317 
486 
320 
913 
638 
325 
360 
473 
369 
554 
240 
389 
349 
340 
500 
647 
561 
509 
557 
707 
462 
429 
326 
502 
623 
397 
950 
908 
391 
924 
650 
315 
506 
594 
830 
400 
305 
56 
412 
584 
421 
323 
923 
556 
526 
939 
565 
649 
489 
549 
540 
346 
377 
374 
425 
440 
719 
962 
802 
575 
970 
456 
694 
722 
978 
592 
555 
381 
848 
235 
519 
379 
679 
819 
658 
396 
448 
682 
613 
727 
693 
621 
520 
867 
767 
823 
844 
420 
811 
669 
865 
706 
836 
453 
754 
926 
629 
626 
893 
530 
380 
687 
611 
741 
725 
907 
739 
641 
992 
574 
807 
541 
942 
804 
827 
771 
591 
791 
610 
646 
680 
642 
538 
640 
718 
354 
850 
135 
944 
569 
515 
678 
747 
656 
936 
896 
730 
308 
378 
667 
691 
787 
729 
812 
887 
863 
757 
779 
963 
845 
851 
786 
672 
708 
886 
831 
766 
784 
874 
772 
733 
864 
713 
742 
790 
690 
976 
917 
593 
969 
792 
859 
922 
880 
639 
986 
842 
954 
655 
776 
734 
738 
905 
931 
971 
748 
906 
875 
843 
822 
975 
870 
989 
764 
821 
877 
890 
966 
983 
780 
955 
785 
854 
895 
900 
972 
914 
959 
925 
935 
938 
948 
987 
